0.000000000000000000e+00
6.279051952931337388e-02
1.253332335643042583e-01
1.873813145857246565e-01
2.486898871648548504e-01
3.090169943749474513e-01
3.681245526846780303e-01
4.257792915650726595e-01
4.817536741017152679e-01
5.358267949789965456e-01
5.877852522924730261e-01
6.374239897486896345e-01
6.845471059286887261e-01
7.289686274214116635e-01
7.705132427757893643e-01
8.090169943749474513e-01
8.443279255020150753e-01
8.763066800438635839e-01
9.048270524660194658e-01
9.297764858882513472e-01
9.510565162951536422e-01
9.685831611286312981e-01
9.822872507286887211e-01
9.921147013144776539e-01
9.980267284282716700e-01
1.000000000000000000e+00
9.980267284282716700e-01
9.921147013144776539e-01
9.822872507286887211e-01
9.685831611286312981e-01
9.510565162951537532e-01
9.297764858882514583e-01
9.048270524660194658e-01
8.763066800438634729e-01
8.443279255020149643e-01
8.090169943749475623e-01
7.705132427757893643e-01
7.289686274214118855e-01
6.845471059286888371e-01
6.374239897486897455e-01
5.877852522924731371e-01
5.358267949789965456e-01
4.817536741017151569e-01
4.257792915650724930e-01
3.681245526846781413e-01
3.090169943749475623e-01
2.486898871648548504e-01
1.873813145857245732e-01
1.253332335643040918e-01
6.279051952931358205e-02
1.224646799147353207e-16
-6.279051952931333225e-02
-1.253332335643043138e-01
-1.873813145857243512e-01
-2.486898871648546283e-01
-3.090169943749473402e-01
-3.681245526846779748e-01
-4.257792915650727150e-01
-4.817536741017153790e-01
-5.358267949789967677e-01
-5.877852522924729151e-01
-6.374239897486896345e-01
-6.845471059286887261e-01
-7.289686274214114414e-01
-7.705132427757894753e-01
-8.090169943749474513e-01
-8.443279255020152974e-01
-8.763066800438634729e-01
-9.048270524660195768e-01
-9.297764858882514583e-01
-9.510565162951535312e-01
-9.685831611286312981e-01
-9.822872507286887211e-01
-9.921147013144776539e-01
-9.980267284282716700e-01
-1.000000000000000000e+00
-9.980267284282716700e-01
-9.921147013144776539e-01
-9.822872507286888322e-01
-9.685831611286311871e-01
-9.510565162951537532e-01
-9.297764858882512362e-01
-9.048270524660194658e-01
-8.763066800438632509e-01
-8.443279255020149643e-01
-8.090169943749476733e-01
-7.705132427757891422e-01
-7.289686274214116635e-01
-6.845471059286889481e-01
-6.374239897486901896e-01
-5.877852522924732481e-01
-5.358267949789969897e-01
-4.817536741017152679e-01
-4.257792915650729926e-01
-3.681245526846778637e-01
-3.090169943749476733e-01
-2.486898871648545173e-01
-1.873813145857247120e-01
-1.253332335643046747e-01
-6.279051952931326286e-02
-2.449293598294706414e-16
6.279051952931365144e-02
1.253332335643041751e-01
1.873813145857251006e-01
2.486898871648549336e-01
3.090169943749472292e-01
3.681245526846774196e-01
4.257792915650726040e-01
4.817536741017148794e-01
5.358267949789966567e-01
5.877852522924728040e-01
6.374239897486898565e-01
6.845471059286886151e-01
7.289686274214113304e-01
7.705132427757893643e-01
8.090169943749473402e-01
8.443279255020152974e-01
8.763066800438634729e-01
9.048270524660195768e-01
9.297764858882514583e-01
9.510565162951535312e-01
9.685831611286311871e-01
9.822872507286887211e-01
9.921147013144776539e-01
9.980267284282716700e-01
9.999999999999998890e-01
9.980267284282716700e-01
9.921147013144776539e-01
9.822872507286886101e-01
9.685831611286312981e-01
9.510565162951537532e-01
9.297764858882515693e-01
9.048270524660191327e-01
8.763066800438633619e-01
8.443279255020150753e-01
8.090169943749476733e-01
7.705132427757885871e-01
7.289686274214111084e-01
6.845471059286883930e-01
6.374239897486896345e-01
5.877852522924732481e-01
5.358267949789955464e-01
4.817536741017146018e-01
4.257792915650723264e-01
3.681245526846780303e-01
3.090169943749478398e-01
2.486898871648555442e-01
1.873813145857257112e-01
1.253332335643056739e-01
6.279051952931337388e-02
3.673940397442059375e-16
-6.279051952931266611e-02
-1.253332335643031759e-01
-1.873813145857232410e-01
-2.486898871648547948e-01
-3.090169943749470627e-01
-3.681245526846773086e-01
-4.257792915650716603e-01
-4.817536741017155455e-01
-5.358267949789965456e-01
-5.877852522924728040e-01
-6.374239897486890793e-01
-6.845471059286891702e-01
-7.289686274214118855e-01
-7.705132427757893643e-01
-8.090169943749473402e-01
-8.443279255020156304e-01
-8.763066800438638060e-01
-9.048270524660194658e-01
-9.297764858882513472e-01
-9.510565162951535312e-01
-9.685831611286315201e-01
-9.822872507286888322e-01
-9.921147013144776539e-01
-9.980267284282715590e-01
-9.999999999999998890e-01
-9.980267284282716700e-01
-9.921147013144777649e-01
-9.822872507286890542e-01
-9.685831611286312981e-01
-9.510565162951537532e-01
-9.297764858882515693e-01
-9.048270524660199099e-01
-8.763066800438642501e-01
-8.443279255020150753e-01
-8.090169943749477843e-01
-7.705132427757898084e-01
-7.289686274214123296e-01
-6.845471059286885041e-01
-6.374239897486897455e-01
-5.877852522924733591e-01
-5.358267949789972118e-01
-4.817536741017146573e-01
-4.257792915650724375e-01
-3.681245526846780858e-01
-3.090169943749479509e-01
-2.486898871648556553e-01
-1.873813145857241014e-01
-1.253332335643040363e-01
-6.279051952931349878e-02
-4.898587196589412829e-16
6.279051952931430369e-02
1.253332335643048134e-01
1.873813145857248508e-01
2.486898871648546838e-01
3.090169943749486725e-01
3.681245526846788629e-01
4.257792915650731591e-01
4.817536741017154345e-01
5.358267949789949913e-01
5.877852522924726930e-01
6.374239897486890793e-01
6.845471059286878379e-01
7.289686274214105532e-01
7.705132427757892533e-01
8.090169943749472292e-01
8.443279255020146312e-01
8.763066800438629178e-01
9.048270524660194658e-01
9.297764858882513472e-01
9.510565162951535312e-01
9.685831611286309650e-01
9.822872507286888322e-01
9.921147013144776539e-01
9.980267284282715590e-01
9.999999999999997780e-01
9.980267284282715590e-01
9.921147013144776539e-01
9.822872507286887211e-01
9.685831611286312981e-01
9.510565162951538642e-01
9.297764858882510142e-01
9.048270524660192438e-01
8.763066800438634729e-01
8.443279255020152974e-01
8.090169943749468962e-01
7.705132427757888092e-01
7.289686274214113304e-01
6.845471059286886151e-01
6.374239897486898565e-01
5.877852522924735812e-01
5.358267949789974338e-01
4.817536741017164337e-01
4.257792915650741583e-01
3.681245526846781968e-01
3.090169943749480619e-01
2.486898871648557385e-01
1.873813145857259332e-01
1.253332335643041473e-01
6.279051952931362368e-02
6.123233995736766282e-16
-6.279051952931241631e-02
-1.253332335643029261e-01
-1.873813145857247398e-01
-2.486898871648545728e-01
-3.090169943749485615e-01
-3.681245526846787519e-01
-4.257792915650730481e-01
-4.817536741017152679e-01
-5.358267949789962126e-01
-5.877852522924724710e-01
-6.374239897486888573e-01
-6.845471059286876159e-01
-7.289686274214128847e-01
-7.705132427757902525e-01
-8.090169943749481174e-01
-8.443279255020155194e-01
-8.763066800438636950e-01
-9.048270524660194658e-01
-9.297764858882512362e-01
-9.510565162951534202e-01
-9.685831611286309650e-01
-9.822872507286891652e-01
-9.921147013144779869e-01
-9.980267284282716700e-01
-1.000000000000000000e+00
-9.980267284282716700e-01
-9.921147013144776539e-01
-9.822872507286887211e-01
-9.685831611286312981e-01
-9.510565162951538642e-01
-9.297764858882503480e-01
-9.048270524660184666e-01
-8.763066800438625847e-01
-8.443279255020142982e-01
-8.090169943749468962e-01
-7.705132427757889202e-01
-7.289686274214114414e-01
-6.845471059286887261e-01
-6.374239897486899675e-01
-5.877852522924736922e-01
-5.358267949789974338e-01
-4.817536741017165447e-01
-4.257792915650742693e-01
-3.681245526846799732e-01
-3.090169943749498382e-01
-2.486898871648575704e-01
-1.873813145857277929e-01
-1.253332335643042583e-01
-6.279051952931374858e-02
-7.347880794884118750e-16
6.279051952931229141e-02
1.253332335643028150e-01
1.873813145857228801e-01
2.486898871648527409e-01
3.090169943749450643e-01
3.681245526846753102e-01
4.257792915650729371e-01
4.817536741017151569e-01
5.358267949789962126e-01
5.877852522924723599e-01
6.374239897486887463e-01
6.845471059286876159e-01
7.289686274214103312e-01
7.705132427757879210e-01
8.090169943749481174e-01
8.443279255020155194e-01
8.763066800438636950e-01
9.048270524660194658e-01
9.297764858882512362e-01
9.510565162951534202e-01
9.685831611286309650e-01
9.822872507286884991e-01
9.921147013144774318e-01
9.980267284282716700e-01
9.999999999999998890e-01
9.980267284282715590e-01
9.921147013144777649e-01
9.822872507286887211e-01
9.685831611286314091e-01
9.510565162951539753e-01
9.297764858882517913e-01
9.048270524660185776e-01
8.763066800438626958e-01
8.443279255020144092e-01
8.090169943749470072e-01
7.705132427757890312e-01
7.289686274214114414e-01
6.845471059286888371e-01
6.374239897486900785e-01
5.877852522924736922e-01
5.358267949789945472e-01
4.817536741017134916e-01
4.257792915650711607e-01
3.681245526846767535e-01
3.090169943749465631e-01
2.486898871648542397e-01
1.873813145857244344e-01
1.253332335643043971e-01
6.279051952931387348e-02
-2.695460919397353709e-15
-6.279051952931570535e-02
-1.253332335643026763e-01
-1.873813145857227414e-01
-2.486898871648526299e-01
-3.090169943749449533e-01
-3.681245526846751992e-01
-4.257792915650696064e-01
-4.817536741017150459e-01
-5.358267949789961015e-01
-5.877852522924723599e-01
-6.374239897486886353e-01
-6.845471059286875048e-01
-7.289686274214102202e-01
-7.705132427757878100e-01
-8.090169943749458970e-01
-8.443279255020135210e-01
-8.763066800438635839e-01
-9.048270524660192438e-01
-9.297764858882511252e-01
-9.510565162951534202e-01
-9.685831611286309650e-01
-9.822872507286883881e-01
-9.921147013144774318e-01
-9.980267284282714479e-01
-9.999999999999997780e-01
-9.980267284282715590e-01
-9.921147013144777649e-01
-9.822872507286887211e-01
-9.685831611286314091e-01
-9.510565162951539753e-01
-9.297764858882517913e-01
-9.048270524660201319e-01
-8.763066800438644721e-01
-8.443279255020144092e-01
-8.090169943749470072e-01
-7.705132427757890312e-01
-7.289686274214115524e-01
-6.845471059286888371e-01
-6.374239897486900785e-01
-5.877852522924738032e-01
-5.358267949789976559e-01
-4.817536741017167112e-01
-4.257792915650712717e-01
-3.681245526846769200e-01
-3.090169943749467296e-01
-2.486898871648544063e-01
-1.873813145857245455e-01
-1.253332335643045081e-01
-6.279051952931399838e-02
-9.797174393178825657e-16
6.279051952931558045e-02
1.253332335643061179e-01
1.873813145857261275e-01
2.486898871648559051e-01
3.090169943749481729e-01
3.681245526846783633e-01
4.257792915650727150e-01
4.817536741017149904e-01
5.358267949789959905e-01
5.877852522924751355e-01
6.374239897486912998e-01
6.845471059286900584e-01
7.289686274214126627e-01
7.705132427757900304e-01
8.090169943749480064e-01
8.443279255020154084e-01
8.763066800438618076e-01
9.048270524660178005e-01
9.297764858882511252e-01
9.510565162951534202e-01
9.685831611286309650e-01
9.822872507286883881e-01
9.921147013144774318e-01
9.980267284282714479e-01
9.999999999999997780e-01
9.980267284282717810e-01
9.921147013144776539e-01
9.822872507286888322e-01
9.685831611286315201e-01
9.510565162951539753e-01
9.297764858882519023e-01
9.048270524660201319e-01
8.763066800438644721e-01
8.443279255020164076e-01
8.090169943749492276e-01
7.705132427757891422e-01
7.289686274214116635e-01
6.845471059286889481e-01
6.374239897486901896e-01
5.877852522924739143e-01
5.358267949789977669e-01
4.817536741017168223e-01
4.257792915650746024e-01
3.681245526846770311e-01
3.090169943749468406e-01
2.486898871648545173e-01
1.873813145857246842e-01
1.253332335643046469e-01
6.279051952931410940e-02
1.102182119232617911e-15
-6.279051952931193059e-02
-1.253332335643024542e-01
-1.873813145857259888e-01
-2.486898871648557940e-01
-3.090169943749481174e-01
-3.681245526846782523e-01
-4.257792915650726040e-01
-4.817536741017148794e-01
-5.358267949789958795e-01
-5.877852522924721379e-01
-6.374239897486885242e-01
-6.845471059286899473e-01
-7.289686274214125516e-01
-7.705132427757900304e-01
-8.090169943749478954e-01
-8.443279255020152974e-01
-8.763066800438634729e-01
-9.048270524660192438e-01
-9.297764858882510142e-01
-9.510565162951544194e-01
-9.685831611286318532e-01
-9.822872507286890542e-01
-9.921147013144778759e-01
-9.980267284282715590e-01
-9.999999999999998890e-01
-9.980267284282715590e-01
-9.921147013144776539e-01
-9.822872507286888322e-01
-9.685831611286306320e-01
-9.510565162951540863e-01
-9.297764858882519023e-01
-9.048270524660202430e-01
-8.763066800438645831e-01
-8.443279255020165186e-01
-8.090169943749492276e-01
-7.705132427757914737e-01
-7.289686274214141060e-01
-6.845471059286890592e-01
-6.374239897486903006e-01
-5.877852522924740253e-01
-5.358267949789978779e-01
-4.817536741017169333e-01
-4.257792915650747134e-01
-3.681245526846804172e-01
-3.090169943749502823e-01
-2.486898871648546283e-01
-1.873813145857247953e-01
-1.253332335643047579e-01
-6.279051952931423430e-02
-1.224646799147353256e-15
6.279051952931180569e-02
1.253332335643023432e-01
1.873813145857224083e-01
2.486898871648522691e-01
3.090169943749480064e-01
3.681245526846781413e-01
4.257792915650724930e-01
4.817536741017147683e-01
5.358267949789957685e-01
5.877852522924749135e-01
6.374239897486884132e-01
6.845471059286898363e-01
7.289686274214099981e-01
7.705132427757899194e-01
8.090169943749457859e-01
8.443279255020150753e-01
8.763066800438615855e-01
9.048270524660191327e-01
9.297764858882522354e-01
9.510565162951531981e-01
9.685831611286317422e-01
9.822872507286882771e-01
9.921147013144777649e-01
9.980267284282713369e-01
9.999999999999998890e-01
9.980267284282713369e-01
9.921147013144776539e-01
9.822872507286881660e-01
9.685831611286315201e-01
9.510565162951529761e-01
9.297764858882519023e-01
9.048270524660187997e-01
8.763066800438645831e-01
8.443279255020146312e-01
8.090169943749451198e-01
7.705132427757892533e-01
7.289686274214093320e-01
6.845471059286890592e-01
6.374239897486876361e-01
5.877852522924741363e-01
5.358267949789949913e-01
4.817536741017169888e-01
4.257792915650716048e-01
3.681245526846739224e-01
3.090169943749470627e-01
2.486898871648512976e-01
1.873813145857249340e-01
1.253332335643013717e-01
6.279051952931435920e-02
-2.205602199738412328e-15
-6.279051952931168079e-02
-1.253332335643057294e-01
-1.873813145857292362e-01
-2.486898871648555998e-01
-3.090169943749512815e-01
-3.681245526846780858e-01
-4.257792915650756016e-01
-4.817536741017146573e-01
-5.358267949789986551e-01
-5.877852522924719159e-01
-6.374239897486910778e-01
-6.845471059286923898e-01
-7.289686274214123296e-01
-7.705132427757921398e-01
-8.090169943749477843e-01
-8.443279255020169627e-01
-8.763066800438633619e-01
-9.048270524660205760e-01
-9.297764858882510142e-01
-9.510565162951543083e-01
-9.685831611286326304e-01
-9.822872507286890542e-01
-9.921147013144783200e-01
-9.980267284282716700e-01
-9.999999999999998890e-01
-9.980267284282716700e-01
-9.921147013144780979e-01
-9.822872507286888322e-01
-9.685831611286325193e-01
-9.510565162951540863e-01
-9.297764858882533456e-01
-9.048270524660203540e-01
-8.763066800438664705e-01
-8.443279255020166296e-01
-8.090169943749514481e-01
-7.705132427757915847e-01
-7.289686274214118855e-01
-6.845471059286918347e-01
-6.374239897486905226e-01
-5.877852522924770229e-01
-5.358267949789979889e-01
-4.817536741017202084e-01
-4.257792915650748800e-01
-3.681245526846839700e-01
-3.090169943749505044e-01
-2.486898871648548504e-01
-1.873813145857285423e-01
-1.253332335643050077e-01
-6.279051952931803682e-02
-1.469576158976823750e-15
6.279051952930800318e-02
1.253332335643020934e-01
1.873813145857186613e-01
2.486898871648520470e-01
3.090169943749477843e-01
3.681245526846746441e-01
4.257792915650722709e-01
4.817536741017114377e-01
5.358267949789955464e-01
5.877852522924690293e-01
6.374239897486883022e-01
6.845471059286845072e-01
7.289686274214098871e-01
7.705132427757898084e-01
8.090169943749455639e-01
8.443279255020149643e-01
8.763066800438614745e-01
9.048270524660190217e-01
9.297764858882495709e-01
9.510565162951531981e-01
9.685831611286316312e-01
9.822872507286882771e-01
9.921147013144778759e-01
9.980267284282714479e-01
9.999999999999998890e-01
9.980267284282717810e-01
9.921147013144777649e-01
9.822872507286894983e-01
9.685831611286315201e-01
9.510565162951529761e-01
9.297764858882520134e-01
9.048270524660187997e-01
8.763066800438646942e-01
8.443279255020147422e-01
8.090169943749494497e-01
7.705132427757893643e-01
7.289686274214143280e-01
6.845471059286892812e-01
6.374239897486878581e-01
5.877852522924742473e-01
5.358267949789951023e-01
4.817536741017172108e-01
4.257792915650718268e-01
3.681245526846808058e-01
3.090169943749472847e-01
2.486898871648584308e-01
1.873813145857251561e-01
1.253332335643015938e-01
6.279051952931460900e-02
-1.960672839908941637e-15
-6.279051952931143099e-02
-1.253332335643055073e-01
-1.873813145857220475e-01
-2.486898871648553222e-01
-3.090169943749442316e-01
-3.681245526846778082e-01
-4.257792915650753796e-01
-4.817536741017144908e-01
-5.358267949789985440e-01
-5.877852522924718048e-01
-6.374239897486909667e-01
-6.845471059286870608e-01
-7.289686274214122186e-01
-7.705132427757919178e-01
-8.090169943749476733e-01
-8.443279255020168517e-01
-8.763066800438632509e-01
-9.048270524660204650e-01
-9.297764858882509031e-01
-9.510565162951541973e-01
-9.685831611286307430e-01
-9.822872507286889432e-01
-9.921147013144782090e-01
-9.980267284282716700e-01
-9.999999999999998890e-01
-9.980267284282716700e-01
-9.921147013144773208e-01
-9.822872507286888322e-01
-9.685831611286307430e-01
-9.510565162951541973e-01
-9.297764858882507921e-01
-9.048270524660174674e-01
-8.763066800438631399e-01
-8.443279255020129659e-01
-8.090169943749474513e-01
-7.705132427757872549e-01
-7.289686274214119965e-01
-6.845471059286867277e-01
-6.374239897486906337e-01
-5.877852522924714718e-01
-5.358267949789922158e-01
-4.817536741017142132e-01
-4.257792915650687182e-01
-3.681245526846775862e-01
-3.090169943749440096e-01
-2.486898871648551002e-01
-1.873813145857217977e-01
-1.253332335643052575e-01
-6.279051952931119507e-02
5.390921838794707418e-15
6.279051952931484493e-02
1.253332335643088935e-01
1.873813145857254059e-01
2.486898871648517695e-01
3.090169943749407344e-01
3.681245526846744220e-01
4.257792915650720489e-01
4.817536741017112711e-01
5.358267949789954354e-01
5.877852522924688072e-01
6.374239897486880801e-01
6.845471059286843962e-01
7.289686274214097761e-01
7.705132427757851454e-01
8.090169943749454529e-01
8.443279255020148533e-01
8.763066800438613635e-01
9.048270524660189107e-01
9.297764858882494599e-01
9.510565162951530871e-01
9.685831611286298548e-01
9.822872507286882771e-01
9.921147013144768767e-01
9.980267284282714479e-01
9.999999999999998890e-01
9.980267284282717810e-01
9.921147013144778759e-01
9.822872507286896093e-01
9.685831611286316312e-01
9.510565162951553075e-01
9.297764858882521244e-01
9.048270524660219083e-01
8.763066800438648052e-01
8.443279255020148533e-01
8.090169943749496717e-01
7.705132427757895863e-01
7.289686274214145500e-01
6.845471059286895033e-01
6.374239897486935202e-01
5.877852522924745804e-01
5.358267949790014306e-01
4.817536741017174884e-01
4.257792915650720489e-01
3.681245526846810279e-01
3.090169943749475068e-01
2.486898871648586529e-01
1.873813145857254059e-01
1.253332335643088935e-01
6.279051952931484493e-02
5.389683877521530518e-15
-6.279051952931119507e-02
-1.253332335643052575e-01
-1.873813145857217977e-01
-2.486898871648551002e-01
-3.090169943749440096e-01
-3.681245526846775862e-01
-4.257792915650687182e-01
-4.817536741017142132e-01
-5.358267949789982110e-01
-5.877852522924714718e-01
-6.374239897486906337e-01
-6.845471059286867277e-01
-7.289686274214119965e-01
-7.705132427757872549e-01
-8.090169943749474513e-01
-8.443279255020129659e-01
-8.763066800438631399e-01
-9.048270524660204650e-01
-9.297764858882507921e-01
-9.510565162951541973e-01
-9.685831611286307430e-01
-9.822872507286888322e-01
-9.921147013144773208e-01
-9.980267284282716700e-01
-9.999999999999998890e-01
-9.980267284282716700e-01
-9.921147013144774318e-01
-9.822872507286889432e-01
-9.685831611286307430e-01
-9.510565162951541973e-01
-9.297764858882509031e-01
-9.048270524660204650e-01
-8.763066800438632509e-01
-8.443279255020168517e-01
-8.090169943749476733e-01
-7.705132427757874769e-01
-7.289686274214122186e-01
-6.845471059286870608e-01
-6.374239897486909667e-01
-5.877852522924718048e-01
-5.358267949789985440e-01
-4.817536741017144908e-01
-4.257792915650753796e-01
-3.681245526846778082e-01
-3.090169943749442316e-01
-2.486898871648553222e-01
-1.873813145857220475e-01
-1.253332335643055073e-01
-6.279051952931143099e-02
